{
  "overall": {
    "total_schemas": 39,
    "embedding_dimension": 1024,
    "value_range": {
      "min": -0.19048458337783813,
      "max": 0.23959362506866455
    },
    "mean_across_all": -0.0007342409808188677,
    "std_across_all": 0.026578694581985474
  },
  "per_schema_statistics": [
    {
      "index": 0,
      "title": "万灵之树",
      "slug": "cnHoX6",
      "min": -0.18095506727695465,
      "max": 0.2331569343805313,
      "mean": -0.0007323130266740918,
      "std": 0.026999106630682945,
      "norm": 0.8642891049385071
    },
    {
      "index": 1,
      "title": "与非的谜题",
      "slug": "ryfUiz",
      "min": -0.17614886164665222,
      "max": 0.22162525355815887,
      "mean": -0.0007454765727743506,
      "std": 0.0270528644323349,
      "norm": 0.8660202622413635
    },
    {
      "index": 2,
      "title": "生物进化录",
      "slug": "qoQAMX",
      "min": -0.1841800957918167,
      "max": 0.21416142582893372,
      "mean": -0.0007539343205280602,
      "std": 0.02645730786025524,
      "norm": 0.8469775319099426
    },
    {
      "index": 3,
      "title": "提取咒文",
      "slug": "kjpLFZ",
      "min": -0.19044457376003265,
      "max": 0.2354080080986023,
      "mean": -0.0007253017975017428,
      "std": 0.026741627603769302,
      "norm": 0.8560467958450317
    },
    {
      "index": 4,
      "title": "城墙防线",
      "slug": "Nsibyl",
      "min": -0.17478123307228088,
      "max": 0.21597281098365784,
      "mean": -0.0007371201063506305,
      "std": 0.02663581445813179,
      "norm": 0.8526724576950073
    },
    {
      "index": 5,
      "title": "符文储备",
      "slug": "W2ZX4X",
      "min": -0.17003872990608215,
      "max": 0.23092181980609894,
      "mean": -0.0007446056697517633,
      "std": 0.02622285671532154,
      "norm": 0.8394695520401001
    },
    {
      "index": 6,
      "title": "魔法棋盘",
      "slug": "1ybDKD",
      "min": -0.18376123905181885,
      "max": 0.23569276928901672,
      "mean": -0.0007159950910136104,
      "std": 0.025725362822413445,
      "norm": 0.8235304355621338
    },
    {
      "index": 7,
      "title": "传送卷轴",
      "slug": "rdmXM7",
      "min": -0.18238407373428345,
      "max": 0.21808002889156342,
      "mean": -0.0007237986428663135,
      "std": 0.02569308876991272,
      "norm": 0.822504997253418
    },
    {
      "index": 8,
      "title": "最强祝福力场",
      "slug": "xepqZ5",
      "min": -0.17171809077262878,
      "max": 0.21469521522521973,
      "mean": -0.000741675728932023,
      "std": 0.026560505852103233,
      "norm": 0.8502674698829651
    },
    {
      "index": 9,
      "title": "探险营地",
      "slug": "0Zeoeg",
      "min": -0.17993013560771942,
      "max": 0.21955709159374237,
      "mean": -0.0007445020601153374,
      "std": 0.026597166433930397,
      "norm": 0.8514427542686462
    },
    {
      "index": 10,
      "title": "补给马车",
      "slug": "hqCnmP",
      "min": -0.1840743124485016,
      "max": 0.23282937705516815,
      "mean": -0.0007250310154631734,
      "std": 0.026036148890852928,
      "norm": 0.8334797024726868
    },
    {
      "index": 12,
      "title": "沙地治理",
      "slug": "XxZZjK",
      "min": -0.19048458337783813,
      "max": 0.232540100812912,
      "mean": -0.0007089278660714626,
      "std": 0.026120049878954887,
      "norm": 0.8361493945121765
    },
    {
      "index": 13,
      "title": "Hello LeetCode!",
      "slug": "rMeRt2",
      "min": -0.1808568835258484,
      "max": 0.21553266048431396,
      "mean": -0.0007368571241386235,
      "std": 0.025916563346982002,
      "norm": 0.8296651244163513
    },
    {
      "index": 14,
      "title": "美观的花束",
      "slug": "1GxJYY",
      "min": -0.18942387402057648,
      "max": 0.2221803367137909,
      "mean": -0.0007217400707304478,
      "std": 0.02644171193242073,
      "norm": 0.8464498519897461
    },
    {
      "index": 15,
      "title": "装饰树",
      "slug": "KnLfVT",
      "min": -0.17890086770057678,
      "max": 0.22332318127155304,
      "mean": -0.0007513164891861379,
      "std": 0.026347404345870018,
      "norm": 0.8434596657752991
    },
    {
      "index": 16,
      "title": "最小展台数量",
      "slug": "600YaG",
      "min": -0.17739462852478027,
      "max": 0.23604489862918854,
      "mean": -0.0007119706133380532,
      "std": 0.026702038943767548,
      "norm": 0.8547689318656921
    },
    {
      "index": 17,
      "title": "弹珠游戏",
      "slug": "EXvqDp",
      "min": -0.18690724670886993,
      "max": 0.2295568287372589,
      "mean": -0.0007329981890507042,
      "std": 0.02660956420004368,
      "norm": 0.8518290519714355
    },
    {
      "index": 18,
      "title": "二叉树灯饰",
      "slug": "U7WvvU",
      "min": -0.17853130400180817,
      "max": 0.21691517531871796,
      "mean": -0.0007426535012200475,
      "std": 0.02613484300673008,
      "norm": 0.8366525769233704
    },
    {
      "index": 19,
      "title": "舒适的湿度",
      "slug": "3aqs1c",
      "min": -0.17688097059726715,
      "max": 0.23419541120529175,
      "mean": -0.0007383694173768163,
      "std": 0.026565132662653923,
      "norm": 0.8504126071929932
    },
    {
      "index": 20,
      "title": "交通枢纽",
      "slug": "D9PW8w",
      "min": -0.17906491458415985,
      "max": 0.2330290675163269,
      "mean": -0.0007382674957625568,
      "std": 0.02689415216445923,
      "norm": 0.8609370589256287
    },
    {
      "index": 21,
      "title": "气温变化趋势",
      "slug": "6CE719",
      "min": -0.18708282709121704,
      "max": 0.23959362506866455,
      "mean": -0.0007445254595950246,
      "std": 0.026113243773579597,
      "norm": 0.8359633684158325
    },
    {
      "index": 22,
      "title": "积木拼接",
      "slug": "De4qBB",
      "min": -0.18045169115066528,
      "max": 0.2379646748304367,
      "mean": -0.0007352536777034402,
      "std": 0.027451248839497566,
      "norm": 0.8787549734115601
    },
    {
      "index": 23,
      "title": "力扣泡泡龙",
      "slug": "WInSav",
      "min": -0.17626643180847168,
      "max": 0.22241130471229553,
      "mean": -0.0007679072441533208,
      "std": 0.02631223015487194,
      "norm": 0.8423498868942261
    },
    {
      "index": 24,
      "title": "搭桥过河",
      "slug": "NfY1m5",
      "min": -0.1813410520553589,
      "max": 0.23283153772354126,
      "mean": -0.0007472485303878784,
      "std": 0.02700003981590271,
      "norm": 0.8643321394920349
    },
    {
      "index": 25,
      "title": "打地鼠",
      "slug": "ZbAuEH",
      "min": -0.1793946623802185,
      "max": 0.23032376170158386,
      "mean": -0.000708815990947187,
      "std": 0.02666666731238365,
      "norm": 0.853634774684906
    },
    {
      "index": 26,
      "title": "信物传送",
      "slug": "6UEx57",
      "min": -0.18417060375213623,
      "max": 0.21835097670555115,
      "mean": -0.0007292330265045166,
      "std": 0.026176342740654945,
      "norm": 0.8379679322242737
    },
    {
      "index": 27,
      "title": "采集果实",
      "slug": "PTXy4P",
      "min": -0.18293119966983795,
      "max": 0.2152390033006668,
      "mean": -0.0007307036430574954,
      "std": 0.027191748842597008,
      "norm": 0.8704501390457153
    },
    {
      "index": 28,
      "title": "夺回据点",
      "slug": "s5kipK",
      "min": -0.17558807134628296,
      "max": 0.2263113260269165,
      "mean": -0.0007580836536362767,
      "std": 0.02676728181540966,
      "norm": 0.8568965196609497
    },
    {
      "index": 29,
      "title": "守护太空城",
      "slug": "EJvmW4",
      "min": -0.17261292040348053,
      "max": 0.21664108335971832,
      "mean": -0.000717420072760433,
      "std": 0.02531483769416809,
      "norm": 0.8104000687599182
    },
    {
      "index": 30,
      "title": "二叉搜索树染色",
      "slug": "QO5KpG",
      "min": -0.18196189403533936,
      "max": 0.22265347838401794,
      "mean": -0.0007430558325722814,
      "std": 0.027002591639757156,
      "norm": 0.8644100427627563
    },
    {
      "index": 31,
      "title": "烹饪料理",
      "slug": "UEcfPD",
      "min": -0.18143723905086517,
      "max": 0.22142624855041504,
      "mean": -0.0007444064249284565,
      "std": 0.02709566429257393,
      "norm": 0.8673884272575378
    },
    {
      "index": 32,
      "title": "宝石补给",
      "slug": "WHnhjV",
      "min": -0.18325269222259521,
      "max": 0.22964107990264893,
      "mean": -0.0007166072027757764,
      "std": 0.026876365765929222,
      "norm": 0.8603493571281433
    },
    {
      "index": 33,
      "title": "自行车炫技赛场",
      "slug": "kplEvH",
      "min": -0.18809816241264343,
      "max": 0.2299119383096695,
      "mean": -0.0007443749345839024,
      "std": 0.02676590159535408,
      "norm": 0.8568400144577026
    },
    {
      "index": 34,
      "title": "无限棋局",
      "slug": "fsa7oZ",
      "min": -0.1828964203596115,
      "max": 0.22843647003173828,
      "mean": -0.0007324861944653094,
      "std": 0.0267257709056139,
      "norm": 0.8555458188056946
    },
    {
      "index": 35,
      "title": "志愿者调配",
      "slug": "05ZEDJ",
      "min": -0.18227770924568176,
      "max": 0.2348991185426712,
      "mean": -0.0007373297121375799,
      "std": 0.026379860937595367,
      "norm": 0.8444852232933044
    },
    {
      "index": 36,
      "title": "玩具套圈",
      "slug": "vFjcfV",
      "min": -0.18012429773807526,
      "max": 0.21722820401191711,
      "mean": -0.0007178030209615827,
      "std": 0.027406303212046623,
      "norm": 0.8773024678230286
    },
    {
      "index": 37,
      "title": "黑白翻转棋",
      "slug": "fHi6rV",
      "min": -0.180365651845932,
      "max": 0.2327713668346405,
      "mean": -0.0007250584894791245,
      "std": 0.02745131403207779,
      "norm": 0.8787484169006348
    },
    {
      "index": 38,
      "title": "无人机方阵",
      "slug": "0jQkd0",
      "min": -0.171421080827713,
      "max": 0.22212466597557068,
      "mean": -0.0007202362176030874,
      "std": 0.025977298617362976,
      "norm": 0.8315929770469666
    },
    {
      "index": 39,
      "title": "心算挑战",
      "slug": "uOAnQW",
      "min": -0.187161386013031,
      "max": 0.22398962080478668,
      "mean": -0.0007419947069138288,
      "std": 0.02725805900990963,
      "norm": 0.8725810050964355
    }
  ],
  "similarity_matrix_sample": {
    "description": "前10个题目之间的余弦相似度",
    "size": 10,
    "titles": [
      "万灵之树",
      "与非的谜题",
      "生物进化录",
      "提取咒文",
      "城墙防线",
      "符文储备",
      "魔法棋盘",
      "传送卷轴",
      "最强祝福力场",
      "探险营地"
    ],
    "matrix": [
      [
        1.0000003576278687,
        0.7260652780532837,
        0.755748450756073,
        0.7282705307006836,
        0.7070108652114868,
        0.7737951278686523,
        0.7394335269927979,
        0.7268341183662415,
        0.687558650970459,
        0.6776050329208374
      ],
      [
        0.7260652780532837,
        0.9999998807907104,
        0.6527352333068848,
        0.7342197895050049,
        0.6818551421165466,
        0.7752367258071899,
        0.7136732339859009,
        0.6938087344169617,
        0.6488341093063354,
        0.6217666864395142
      ],
      [
        0.755748450756073,
        0.6527352333068848,
        0.9999997615814209,
        0.673714816570282,
        0.6222181916236877,
        0.72263503074646,
        0.6572684049606323,
        0.6955776810646057,
        0.6260538697242737,
        0.6190934181213379
      ],
      [
        0.7282705307006836,
        0.7342197895050049,
        0.673714816570282,
        0.9999999403953552,
        0.6754133105278015,
        0.7334715127944946,
        0.749230682849884,
        0.7657549977302551,
        0.6520926356315613,
        0.6655580997467041
      ],
      [
        0.7070108652114868,
        0.6818551421165466,
        0.6222181916236877,
        0.6754133105278015,
        1.0,
        0.723084568977356,
        0.6895022392272949,
        0.737948477268219,
        0.7532725930213928,
        0.609958827495575
      ],
      [
        0.7737951278686523,
        0.7752367258071899,
        0.72263503074646,
        0.7334715127944946,
        0.723084568977356,
        1.000000238418579,
        0.7910390496253967,
        0.737264096736908,
        0.6873414516448975,
        0.6925762891769409
      ],
      [
        0.7394335269927979,
        0.7136732339859009,
        0.6572684049606323,
        0.749230682849884,
        0.6895022392272949,
        0.7910390496253967,
        1.0000003576278687,
        0.7581653594970703,
        0.6571961641311646,
        0.6553738713264465
      ],
      [
        0.7268341183662415,
        0.6938087344169617,
        0.6955776810646057,
        0.7657549977302551,
        0.737948477268219,
        0.737264096736908,
        0.7581653594970703,
        0.9999998807907104,
        0.7149835824966431,
        0.6942382454872131
      ],
      [
        0.687558650970459,
        0.6488341093063354,
        0.6260538697242737,
        0.6520926356315613,
        0.7532725930213928,
        0.6873414516448975,
        0.6571961641311646,
        0.7149835824966431,
        1.0000003576278687,
        0.6205515265464783
      ],
      [
        0.6776050329208374,
        0.6217666864395142,
        0.6190934181213379,
        0.6655580997467041,
        0.609958827495575,
        0.6925762891769409,
        0.6553738713264465,
        0.6942382454872131,
        0.6205515265464783,
        1.0000001192092896
      ]
    ]
  }
}